Name: Apostolos Zarras
AFM: 123456789
Income: 22570.0
Basic Tax: 1207.4949951171875
Tax Increase: 48.299798725102846
Total Tax: 1255.7947938422903
TotalReceiptsGathered: 6
Entertainment: 0.0
Basic: 4824.0
Travel: 100.0
Health: 0.0
Other: 1000.0
